199.032 225.893 750
229.712 159.797 750
242.225 193.084 750
202.056 215.498 750
247.832 182.715 750
188.261 214.584 750
161.805 178.315 750
172.452 239.662 750
233.14 152.29 750
231.695 149.997 738.14
182.938 150.622 750
174.444 229.712 750
150.005 216.284 750
217.372 171.797 750
197.452 203.556 750
152.152 236.005 750
191.411 223.048 750
182.969 188.462 750
250.001 201.011 704.36
231.845 236.14 750
149.999 154.061 739.72
236.65 172.888 750
230.354 178.232 750
225.969 154.929 750
223.717 250.001 704.88
159.289 198.281 750
150.572 211.141 750
177.793 207.926 750
179.241 227.556 750
247.37 201.516 750
195.091 220.821 750
170.888 190.605 750
217.083 218.599 750
193.569 189.113 750
187.925 222.315 750
228.488 154.563 750
176.855 250.001 669.58
242.002 209.63 750
162.581 204.638 750
213.495 233.268 750
171.923 149.999 710.82
221.259 185.492 750
199.442 201.391 750
215.953 249.253 750
184.246 150.413 750
166.752 197.719 750
185.767 221.567 750
235.085 221.596 750
185.33 239.297 750
218.921 174.199 750
246.957 170.09 750
230.702 244.456 750
149.998 243.852 747.32
170.418 192.203 750
162.983 220.623 750
165.417 193.13 750
201.351 219.408 750
200.277 216.29 750
202.709 153.568 750
204.14 217.762 750
194.05 209.125 750
216.669 186.676 750
211.733 192.963 750
243.349 211.474 750
158.456 156.95 750
240.271 241.043 750
171.895 153.152 750
150.843 182.656 750
167.729 244.527 750
189.887 214.474 750
151.964 241.997 750
223.761 149.999 673.62
161.529 226.324 750
242.368 245.817 750
201.153 154.092 750
214.833 182.977 750
215.229 190.395 750
194.069 162.224 750
176.01 155.424 750
223.404 226.677 750
156.903 233.861 750
243.541 198.546 750
222.508 237.23 750
183.241 156.12 750
180.28 229.829 750
231.019 217.313 750
157.502 245.83 750
198.941 153.381 750
205.67 161.227 750
179.298 221.123 750
236.849 224.307 750
194.993 187.58 750
159.436 190.471 750
153.052 176.039 750
197.964 235.453 750
213.087 200.664 750
244.908 181.353 750
214.214 210.157 750
164.379 222.042 750
149.997 231.596 654.34
170.975 152.683 750
237.481 193.571 750
230.434 250 708.72
172.188 182.13 750
250 243.574 715.34
206.136 211.813 750
177.05 172.846 750
228.051 191.728 750
186.774 181.295 750
226.16 199.782 750
189.929 162.548 750
189.45 237.868 750
174.78 151.028 750
184.05 191.191 750
222.268 171.519 750
168.252 196.447 750
250.002 152.625 735.06
192.447 209.492 750
236.457 170.196 750
247.089 184.83 750
193.316 194.123 750
201.495 243.968 750
232.307 156.928 750
187.164 225.716 750
238.957 149.999 665.66
194.358 220.943 750
194.233 161.976 750
194.785 211.41 750
169.464 228.154 750
170.224 233.464 750
172.287 151.859 750
247.694 179.857 750
186.318 164.695 750
250 247.26 696.46
188.971 181.393 750
248.876 161.477 750
177.574 180.196 750
199.782 206.231 750
186.203 158.395 750
156.27 212.028 750
158.64 205.997 750
168.926 234.803 750
189.197 196.341 750
177.966 160.585 750
181.566 213.928 750
208.542 198.929 750
195.22 222.256 750
200.87 167.03 750
151.998 221.895 750
178.773 205.03 750
195.72 222.007 750
199.545 224.027 750
206.171 244.463 750
186.93 232.303 750
201.453 225.58 750
171.657 149.998 698.32
234.545 169.697 750
203.089 154.542 750
210.281 238.586 750
149.998 185.36 686.7
150.203 226.788 750
175.413 173.682 750
250.001 236.135 661.8
235.269 212.871 750
230.471 216.862 750
244.888 200.482 750
198.306 162.279 750
197.678 239.806 750
156.601 231.538 750
222.713 168.201 750
189.73 244.025 750
177.564 244.637 750
214.163 216.931 750
210.931 154.645 750
231.979 184.216 750
202.042 208.606 750
235.826 152.087 750
231.608 188.625 750
202.923 242.728 750
217.387 243.526 750
189.482 201.357 750
240.868 157.007 750
194 197.821 750
214.117 207.301 750
160.069 188.371 750
225.73 196.113 750
250 185.227 652.22
182.568 222.196 750
181.204 187.343 750
196.541 181.709 750
203.965 238.394 750
178.72 245.57 750
155.687 202.171 750
193.236 231.17 750
162.774 238.834 750
231.769 232.702 750
161.159 231.082 750
159.675 173.757 750
200.76 178.172 750
250 227.331 696.82
220.968 161.31 750
192.034 160.524 750
229.459 219.118 750
181.108 219.253 750
192.792 153.5 750
175.98 218.499 750
234.494 150 687.98
234.098 162.019 750
153.163 212.65 750
194.694 241.934 750
204.086 181.67 750
166.469 245.154 750
194.652 200.826 750
242.348 157.614 750
205.295 246.278 750
205.074 213.567 750
175.99 156.547 750
224.769 231.846 750
220.797 245.871 750
236.503 171.713 750
234.73 250.002 654.14
192.133 247.426 750
205.649 181.397 750
204.163 213.141 750
184.926 209.383 750
161.835 200.394 750
181.891 212.991 750
221.426 161.368 750
221.534 179.767 750
160.432 244.483 750
182.149 168.613 750
207.067 229.833 750
178.918 197.401 750
245.052 165.156 750
238.398 152.112 750
241.677 183.076 750
248.68 219.695 750
161.45 167.672 750
192.279 211.049 750
232.954 198.567 750
246.734 149.999 680.98
174.586 226.651 750
236.928 173.97 750
224.331 175.241 750
243.156 178.644 750
149.997 204.403 677.86
203.39 150 714.84
240.033 226.959 750
200.232 211.337 750
191.469 182.103 750
240.643 150.27 750
156.113 243.175 750
237.387 165.882 750
218.519 245.635 750
248.479 250.001 734.34
227.105 243.885 750
196.866 215.132 750
206.196 197.393 750
213.142 230.776 750
159.567 155.425 750
215.236 207.772 750
200.516 170.658 750
231.647 250.002 707.64
181.445 155.654 750
212.757 242.626 750
159.884 200.091 750
174.994 155.025 750
170.697 184.509 750
200.932 210.379 750
175.475 233.247 750
181.655 168.27 750
222.236 215.598 750
166.834 209.652 750
170.563 173.11 750
247.243 172.05 750
168.872 185.98 750
215.633 199.087 750
188.148 170.788 750
175.351 205.795 750
189.395 155.499 750
194.032 184.081 750
181.203 172.368 750
223.962 226.34 750
238.469 190.313 750
200.494 240.04 750
249.577 238.195 750
169.522 245.834 750
198.112 200.098 750
207.542 212.362 750
184.332 240.925 750
240.036 230.466 750
150.875 238.384 750
160.935 159.321 750
187.871 195.28 750
183.213 216.669 750
198.103 218.784 750
174.382 231.63 750
180.521 190.984 750
213.551 180.58 750
196.833 201.564 750
170.621 199.154 750
220.829 157.136 750
167.402 199.181 750
191.51 242.551 750
207.785 248.507 750
210.114 250.001 664.42
199.083 216.747 750
232.381 181.368 750
224.705 180.862 750
172.541 155.667 750
187.658 219.921 750
235.247 192.189 750
172.999 206.789 750
172.551 214.913 750
202.833 211.369 750
191.517 205.575 750
212.388 192.861 750
206.606 208.402 750
235.634 222.103 750
187.319 189.11 750
169.427 196.89 750
227.358 182.069 750
241.089 195.31 750
248.237 202.936 750
152.821 236.38 750
229.028 239.459 750
248.98 250.001 735.88
182.18 245.519 750
192.678 154.38 750
225.156 160.225 750
216.677 184.911 750
172.904 217.664 750
228.53 195.182 750
174.774 212.536 750
228.912 234.105 750
158.361 178.002 750
178.659 230.397 750
182.155 219.25 750
165.408 176.034 750
162.241 171.794 750
182.47 179.021 750
197.534 205.322 750
174.825 164.634 750
237.373 201.3 750
163.941 192.756 750
236.633 207.554 750
170.396 168.708 750
236.548 247.231 750
171.247 241.572 750
219.681 169.785 750
162.888 154.208 750
209.077 201.802 750
193.999 246.702 750
205.443 186.045 750
149.999 213.372 711.1
234.09 161.051 750
176.447 219.02 750
209.48 234.074 750
174.028 156.497 750
165.714 218.466 750
185.427 170.566 750
225.823 171.78 750
177.558 149.999 717.18
166.456 149.999 692.34
197.163 217.628 750
184.026 236.157 750
185.546 233.557 750
177.747 222.533 750
220.381 186.012 750
231.405 184.749 750
243.374 175.454 750
208.798 250.001 655.14
246.417 156.373 750
203.351 219.99 750
229.615 162.991 750
182.645 247.017 750
248.277 250.001 661.82
152.527 186.295 750
198.21 210.788 750
188.124 172.416 750
222.393 193.717 750
174.446 183.501 750
209.309 160.581 750
181.286 250 718.14
157.78 199.857 750
235.749 183.059 750
191.675 151.113 750
236.17 218.047 750
217.802 244.699 750
212.901 176.466 750
158.665 197.4 750
236.095 149.999 671.72
217.248 174.201 750
167.043 232.137 750
202.27 168.987 750
240.661 242.107 750
174.222 226.012 750
150.932 153.918 750
205.909 150.529 750
241.602 213.843 750
193.196 249.265 750
250 236.271 722.52
222.165 223.616 750
154.398 149.999 740.98
211.183 239.297 750
156.209 183.314 750
196.648 233.062 750
230.672 182.89 750
220.801 193.927 750
154.373 164.107 750
172.911 210.367 750
168.687 237.263 750
190.138 153.781 750
250.001 209.381 724.24
183.884 241.498 750
224.528 174.959 750
161.673 198.277 750
222.726 214.026 750
150 204.022 698.6
209.41 214.465 750
196.345 150 686.06
208.811 185.19 750
161.304 230.373 750
168.184 204.89 750
236.555 220.751 750
181.188 224.518 750
187.977 204.576 750
248.691 171.662 750
224.671 149.998 743.46
175.727 231.484 750
250 211.1 669.94
197.068 169.952 750
202.841 222.115 750
150 244.492 745
205.771 248.631 750
222.102 218.77 750
183.595 187.532 750
250.002 186.547 715.44
216.328 168.853 750
174.762 182.813 750
151.462 242.724 750
219.631 222.081 750
227.09 229.316 750
155.531 235.492 750
230.496 217.645 750
243.842 247.527 750
248.138 175.161 750
191.628 174.597 750
166.79 241.328 750
158.952 202.889 750
152.956 154.723 750
170.84 227.573 750
213.78 243.741 750
159.082 150.723 750
225.277 250 690.92
164.567 162.657 750
234.599 218.176 750
212.485 235.777 750
194.232 206.498 750
190.923 190.986 750
191.736 169.904 750
199.841 238.679 750
244.997 164.629 750
222.588 214.227 750
175.978 236.503 750
193.093 231.854 750
178.326 192.9 750
233.983 177.812 750
223.421 243.684 750
177.241 221.514 750
151.072 221.219 750
219.411 200.497 750
178.64 226.997 750
214.553 227.514 750
212.779 209.433 750
238.517 196.387 750
152.432 155.849 750
243.381 223.909 750
197.786 215.904 750
230.005 206.048 750
207.874 161.898 750
151.265 165.454 750
221.017 246.833 750
235.145 250.001 651.82
226.33 158.644 750
162.371 243.586 750
204.542 231.638 750
195.234 163.673 750
172.687 174.937 750
174.526 152.155 750
162.171 167.955 750
198.977 179.924 750
197.31 227.776 750
226.627 169.713 750
196.483 163.188 750
150.68 160.494 750
211.141 169.403 750
219.601 217.945 750
151.236 214.123 750
223.858 236.497 750
149.999 248.771 706.2
189.055 199.7 750
233.985 243.349 750
230.099 197.826 750
238.941 155.428 750
193.895 220.37 750
244.16 200.692 750
217.908 188.133 750
200.007 209.4 750
175.036 183.592 750
212.357 215.798 750
198.723 208.176 750
150.323 216.089 750
200.203 218.383 750
182.549 186.258 750
172.631 228.807 750
224.638 224.38 750
149.997 223.663 700.76
213.509 156.578 750
166.067 185.807 750
237.943 149.998 725.4
240.031 187.832 750
206.221 175.435 750
187.402 220.065 750
204.386 221.986 750
185.247 227.174 750
240.356 204.593 750
219.44 152.105 750
248.079 161.871 750
229.118 224.425 750
209.673 163.161 750
151.118 192.295 750
245.999 221.95 750
250 212.297 674.3
250.001 235.696 744.26
222.661 152.006 750
250.001 234.328 658.24
200.428 163.497 750
149.999 211.418 726.74
220.517 182.727 750
193.635 160.366 750
182.746 165.979 750
232.81 206.734 750
174.866 164.327 750
200.367 159.553 750
149.997 199.459 726.88
182.272 186.923 750
166.284 243.615 750
212.104 159.658 750
180.322 220.661 750
209.66 221.171 750
248.664 173.337 750
239.974 213.677 750
235.312 172.918 750
209.345 153.642 750
224.9 149.999 653.28
219.45 244.486 750
224.013 235.831 750
247.895 150.634 750
214.364 197.732 750
218.675 149.997 665.38
220.571 207.634 750
216.693 219.673 750
224.138 185.817 750
250.001 176.812 675.06
216.219 196.497 750
150 225.593 747.64
172.669 219.694 750
160.37 199.709 750
190.304 218.377 750
172.356 156.162 750
191.914 225.903 750
222.141 185.162 750
182.305 237.823 750
149.998 200.726 731.98
216.095 166.503 750
236.509 205.053 750
228.946 228.617 750
215.747 206.276 750
238.506 240.438 750
198.392 169.537 750
210.836 210.44 750
226.265 235.248 750
150.291 212.026 750
175.459 202.37 750
217.789 209.211 750
160.774 187.328 750
230.504 223.909 750
170.415 207.2 750
246.55 174.627 750
221.155 250.001 684.9
234.233 186.549 750
202.719 184.291 750
149.999 247.104 726.02
202.1 217.844 750
171.475 216.693 750
245.282 213.288 750
231.367 181.592 750
228.47 246.453 750
198.788 230.285 750
179.526 250.001 736.42
213.146 195.979 750
188.047 243.35 750
226.094 186.358 750
184.418 242.778 750
179.705 188.901 750
173.046 231.974 750
246.59 231.342 750
237.243 221.794 750
160.201 219.573 750
188.772 216.081 750
197.538 169.054 750
179.246 203.816 750
223.847 222.11 750
176.802 177.434 750
207.446 160.451 750
151.344 250.001 696.42
201.798 157.828 750
226.633 186.711 750
171.498 189.448 750
181.728 167.041 750
170.575 195.324 750
182.856 205.804 750
192.511 207.327 750
199.672 226.57 750
170.688 153.683 750
200.484 216.956 750
227.926 220.23 750
191.013 170.612 750
197.981 150.168 750
211.797 203.949 750
204.728 217.29 750
156.438 165.333 750
211.919 164.769 750
242.18 153.18 750
195.73 245.268 750
249.426 241.539 750
222.258 243.125 750
227.779 173.521 750
197.268 152.92 750
179.271 250.001 732.74
211.732 161.513 750
242.994 163.198 750
156.967 174.233 750
217.022 230.71 750
185.975 156.259 750
173.937 242.335 750
233.195 150.647 750
195.302 208.675 750
217.556 175.833 750
157.683 220.378 750
221.709 151.85 750
174.288 241.855 750
151.598 206.976 750
229.842 218.313 750
209.306 192.322 750
195.195 214.851 750
243.224 200.296 750
186.596 167.817 750
210.934 152.521 750
236.944 245.749 750
214.772 236.952 750
246.26 225.402 750
168.171 192.196 750
234.46 191.508 750
171.871 236.943 750
198.275 150 683.06
179.698 245.578 750
215.8 237.191 750
171.468 211.646 750
201.804 237.854 750
190.824 210.579 750
157.978 151.23 750
178.743 232.614 750
230.737 208.101 750
199.252 153.907 750
240.03 208.845 750
204.177 224.729 750
228.735 234.54 750
201.954 200.788 750
219.68 210.354 750
149.999 224.566 745.28
171.167 220.673 750
228.111 163.674 750
240.413 182.957 750
151.426 175.677 750
152.442 223.663 750
150 246.348 703.64
168.461 245.901 750
221.571 227.749 750
250 167.983 719.04
200.172 208.887 750
172.86 224.583 750
220.315 175.19 750
239.156 202.996 750
236.747 166.579 750
199.292 179.688 750
194.726 192.739 750
231.323 180.154 750
234.204 235.364 750
161.592 226.503 750
175.599 166.155 750
205.529 186.434 750
223.69 178.174 750
235.392 229.683 750
205.022 239.629 750
230.793 193.693 750
160.32 210.098 750
186.706 225.565 750
172.525 171.343 750
180.443 229 750
186.338 219.735 750
223.465 222.248 750
225.017 229.627 750
193.819 241.761 750
153.426 239.008 750
228.74 197.24 750
212.362 206.277 750
197.1 205.825 750
179.946 250.001 677.1
204.706 200.908 750
171.615 200.084 750
200.918 231.185 750
244.216 216.538 750
160.857 221.889 750
199.945 199.759 750
224.461 182.062 750
200.175 173.661 750
168.801 240.466 750
217.863 151.389 750
173.457 250.001 693.14
250.001 177.788 680.5
233.432 239.682 750
186.6 202.065 750
213.783 250.001 746.4
244.09 209.167 750
191.479 226.903 750
150 158.308 698.42
175.802 233.181 750
220.067 217.064 750
248.688 250.001 656.64
208.364 219.679 750
239.713 182.537 750
167.367 228.43 750
223.513 192.194 750
175.874 194.779 750
242.658 233.567 750
233.527 179.36 750
209.21 215.007 750
175.076 198.557 750
222.854 250.001 695.18
227.005 156.528 750
183.839 169.131 750
185.998 250.002 713.52
228.511 244.814 750
172.744 243.619 750
167.233 157.627 750
216.588 214.549 750
207.634 151.534 750
230.036 217.159 750
217.048 188.657 750
246.432 160.69 750
194.446 171.266 750
217.818 174.121 750
174.073 183.957 750
247.312 150 699.28
152.1 157.312 750
199.867 175.418 750
152.077 198.861 750
172.022 220.831 750
198.512 178.36 750
207.823 221.634 750
208.857 159.427 750
189.557 183.799 750
204.895 241.488 750
242.018 232.034 750
195.803 181.303 750
209.622 208.593 750
228.088 238.857 750
232.349 229.438 750
213.183 247.4 750
192.66 184.688 750
175.399 215.311 750
193.915 230.794 750
212.328 150.721 750
188.409 225.139 750
250 179.354 733.36
149.998 218.337 652.08
250 188.522 746.96
212.348 208.764 750
192.988 149.999 707.44
229.165 168.537 750
167.019 154.718 750
149.998 222.665 658.22
239.294 194.887 750
214.091 184.25 750
248.274 244.726 750
221.453 250.001 704.32
201.518 170.943 750
189.957 247.113 750
182.755 218.325 750
239.672 250 719.6
160.127 149.999 678.7
198.675 243.849 750
217.261 167.402 750
214.362 199.764 750
206.278 195.914 750
169.713 196.55 750
235.565 170.237 750
160.089 196.222 750
217.97 177.878 750
165.912 183.68 750
152.008 224.694 750
230.977 149.999 731.94
158.323 175.675 750
159.967 198.419 750
219.666 216.551 750
183.706 227.982 750
250.001 159.813 664.7
181.433 163.288 750
236.757 151.689 750
174.647 168.996 750
187.297 217.549 750
235.977 205.082 750
196.073 212.886 750
186.094 185.455 750
245.006 228.731 750
250.001 216.262 670.94
219.089 149.998 727.16
243.842 207.407 750
178.345 203.459 750
198.032 214.981 750
189.268 173.219 750
175.651 236.326 750
155.665 158.934 750
211.942 156.239 750
167.742 245.654 750
229.965 242.271 750
233.272 201.406 750
171.573 215.38 750
241.105 237.421 750
221.276 209.512 750
154.264 194.954 750
171.539 190.459 750
208.921 229.614 750
229.362 159.378 750
217.772 191.122 750
245.195 149.999 683.24
239.611 225.656 750
164.038 150 738.76
209.479 198.296 750
250 173.26 701.84
188.32 184.984 750
160.543 244.913 750
238.878 160.375 750
224.504 174.943 750
232.309 229.694 750
220.228 233.517 750
153.006 191.625 750
172.315 190.826 750
227.888 161.302 750
149.999 228.626 663.32
180.279 244.268 750
188.072 200.469 750
192.406 244.305 750
153.396 204.033 750
218.382 248.308 750
180.819 217.912 750
172.866 232.167 750
222.02 227.957 750
214.687 220.385 750
196.206 175.15 750
150 195.245 745.28
242.826 217.745 750
236.502 231.437 750
193.797 162.714 750
171.52 191.533 750
227.145 244.654 750
248.137 242.806 750
232.223 237.013 750
162.922 192.169 750
176.875 175.187 750
179.254 250.002 677.72
247.009 184.266 750
223.251 236.052 750
217.031 149.998 728.84
214.937 184.391 750
221.886 176.315 750
218.865 224.573 750
157.123 167.136 750
151.931 164.822 750
237.701 240.227 750
250.002 196.848 741.48
242.247 197.54 750
161.059 211.441 750
197.471 216.473 750
190.998 206.971 750
202.98 236.396 750
250.001 205.239 709.04
167.479 150.656 750
248.532 188.444 750
241.368 241.478 750
199.789 212.922 750
159.498 181.146 750
182.736 190.123 750
157.547 234.708 750
250 155.355 731.82
211.026 227.63 750
233.859 234.898 750
190.589 180.95 750
226.839 170.449 750
231.218 223.587 750
223.758 244.879 750
201.002 151.011 750
150 212.406 657.42
171.858 164.556 750
180.459 208.642 750
192.474 250 717.96
243.424 245.559 750
186.142 157.883 750
159.961 182.127 750
185.745 163.15 750
149.998 229.231 657.18
181.44 156.885 750
166.864 190.216 750
224.964 231.501 750
193.761 230.997 750
164.749 167.307 750
155.832 153.163 750
204.35 235.933 750
193.078 213.522 750
203.66 218.28 750
173.133 211.225 750
250.001 203.306 696.36
249.437 157.573 750
250.001 237.509 723.22
190.261 197.967 750
164.812 231.701 750
183.902 176.309 750
151.146 182.121 750
157.845 173.749 750
250.002 248.581 681.16
204.211 245.099 750
220.662 205.268 750
156.226 236.829 750
236.026 216.554 750
181.872 228.384 750
212.058 220.889 750
210.43 174.293 750
200.554 205.35 750
249.753 226.666 750
170.045 154.373 750
170.306 201.756 750
236.111 200.225 750
190.373 164.653 750
243.383 210.083 750
213.694 236.32 750
176.568 209.283 750
214.769 231.087 750
181.522 195.963 750
239.21 203.883 750
177.648 208.999 750
152.163 198.937 750
203.451 159.635 750
207.203 181.447 750
200.132 191.716 750
207.115 150.57 750
170.219 187.734 750
191.851 191.091 750
211.923 200.443 750
165.285 227.285 750
248.972 160.36 750
149.999 159.275 698.38
159.421 241.712 750
201.788 208.807 750
153.059 164.354 750
150.947 178.799 750
173.047 177.976 750
242.814 170.691 750
153.525 226.259 750
200.601 194.164 750
231.161 184.775 750
154.534 187.609 750
223.151 235.099 750
161.911 235.904 750
175.991 233.483 750
203.302 177.452 750
213.356 153.293 750
207.58 205.606 750
209.992 185.474 750
207.936 212.546 750
249.6 206.117 750
155.857 224.703 750
177.596 191.895 750
189.177 157.222 750
213.822 236.621 750
250.001 166.186 710.5
198.778 160.171 750
230.962 204.518 750
240.709 186.026 750
216.418 186.278 750
229.548 172.721 750
174.045 150 711.32
184.126 164.683 750
173.151 173.485 750
151.694 243.51 750
233.308 189.122 750
203.521 209.632 750
157.218 202.915 750
236.393 160.74 750
150 243.053 746.08
167.023 197.425 750
235.326 181.716 750
166.667 185.859 750
225.391 181.183 750
250 150.217 690.2
224.567 202.361 750
193.698 178.642 750
175.059 189.439 750
250.001 231.738 740.18
196.656 235.851 750
193.732 157.552 750
159.079 213.703 750
190.443 206.64 750
237.42 153.324 750
161.756 186.545 750
178.806 223.113 750
211.835 196.992 750
170.562 163.311 750
149.997 200.194 653.38
174.64 190.463 750
213.186 245.025 750
174.188 195.988 750
197.221 177.478 750
151.297 155.318 750
228.182 246.278 750
150 233.141 676.52
157.538 164.678 750
226.813 240.418 750
172.204 249.4 750
177.887 192.126 750
167.626 203.267 750
240.934 241.363 750
232.802 158.306 750
154.891 188.906 750
186.587 244.321 750
207.77 188.509 750
229.45 182.601 750
174.918 241.36 750
191.837 233.683 750
169.805 158.343 750
182.015 172.104 750
197.885 172.368 750
157.243 231.678 750
188.2 181.907 750
197.296 234.945 750
233.394 209.859 750
187.503 221.449 750
178.829 173.097 750
189.69 215.883 750
188.882 173.925 750
198.321 250 734.76
239.065 201.093 750
198.518 187.471 750
154.255 241.778 750
212.727 197.255 750
179.501 234.241 750
149.999 180.435 677.1
239.131 171.885 750
220.964 200.564 750
173.084 208.411 750
186.86 222.635 750
184.555 154.549 750
174.932 212.602 750
250.002 229.331 676.88
232.414 218.171 750
247.831 201.894 750
164.261 212.426 750
179.379 212.797 750
242.274 208.346 750
239.935 244.088 750
207.868 166.017 750
173.806 181.713 750
235.834 185.837 750
217.655 176.725 750
230.7 178.408 750
247.852 188.707 750
185.263 247.975 750
250.001 242.554 721.66
235.939 246.962 750
171.341 250.001 680.66
216.526 189.22 750
162.066 164.823 750
157.838 250.003 673.4
246.295 243.525 750
204.529 185.575 750
225.611 190.687 750
179.197 208.992 750
190.215 242.794 750
197.301 250.002 658.26
197.921 194.402 750
216.44 185.208 750
211.017 224.501 750
238.235 213.682 750
236.765 182.766 750
239.21 179.415 750
184.048 150.736 750
200.649 207.993 750
245.203 154.964 750
197.976 235.976 750
188.077 239.257 750
193.958 181.636 750
194.927 164.44 750
233.462 161.467 750
206.996 230.234 750
226.118 157.121 750
208.269 184.043 750
216.661 207.093 750
230.302 162.751 750
242.164 169.997 750
236.122 171.297 750
230.148 181.951 750
247.77 152.272 750
238.431 157.189 750
201.728 184.802 750
160.067 152.216 750
187.134 183.51 750
237.581 165.689 750
243.853 242.72 750
239.121 202.598 750
235.233 235.837 750
157.365 235.932 750
242.45 195.974 750
181.906 185.914 750
186.823 190.645 750
239.867 219.71 750
217.68 209.883 750
243.119 248.288 750
152.831 226.981 750
213.943 179.133 750
174.066 245.748 750
191.521 175.73 750
189.888 226.03 750
162.772 173.439 750
223.014 209.324 750
157.079 212.331 750
216.1 238.697 750
219.232 163.058 750
212.697 216.127 750
190.095 224.023 750
219.981 233.379 750
163.026 179.319 750
183.114 151.666 750
231.459 245.178 750
196.157 240.511 750
177.143 197.547 750
151.885 222.773 750
202.553 231.032 750
160.383 208.984 750
230.216 169.596 750
188.262 248.634 750
216.663 193.461 750
209.537 154.16 750
194.815 185.745 750
175.308 203.708 750
234.584 201.764 750
168.75 212.414 750
208.641 168.757 750
233.34 164.098 750
249.452 181.455 750
242.57 161.474 750
227.021 195.903 750
239.117 250.001 657.84
196.22 193.365 750
248.392 207.924 750
180.229 195.062 750
190.68 223.567 750
194.414 190.227 750
223.723 203.132 750
169.73 248.368 750
244.308 221.782 750
149.997 249.101 701.08
248.16 154.82 750
192.161 149.999 749.98
206.705 226.911 750
217.013 153.932 750
239.691 151.597 750
222.29 155.604 750
150 226.895 681.7
166.864 200.713 750
206.444 202.474 750
231.595 186.209 750
183.03 246.492 750
154.512 193.568 750
156.147 150.007 750
188.196 243.468 750
211.356 164.29 750
187.865 222.349 750
149.999 189.012 706.48
215.524 235.304 750
207.715 169.179 750
190.75 153.444 750
155.554 184.523 750
227.185 238.778 750
153.667 177.411 750
246.315 208.29 750
240.956 193.913 750
250.004 205.954 722.86
209.316 174.139 750
223.252 233.57 750
162.349 199.896 750
200.384 213.749 750
160.665 212.135 750
238.454 234.934 750
233.353 200.12 750
250 208.949 703.34
174.381 161.812 750
208.257 205.943 750
229.081 208.201 750
227.18 235.384 750
219.251 156.609 750
215.991 223.37 750
225.184 197.102 750
152.62 169.463 750
206.474 191.3 750
218.298 238.052 750
181.779 180.907 750
192.485 167.835 750
149.997 226.734 669.58
176.517 220.989 750
188.809 207.882 750
151.119 178.537 750
240.785 248.563 750
184.91 232.175 750
154.846 208.554 750
162.7 203.69 750
200.736 250.002 678.16
159.796 243.302 750
242.831 236.147 750
153.53 250 704.86
211.446 204.592 750
248.568 192.035 750
151.92 167.165 750
161.991 150.827 750
156.04 193.086 750
236.981 246.254 750
185.032 163.72 750
200.038 160.464 750
208.523 188.984 750
217.335 173.337 750
231.087 231.741 750
217.524 208.334 750
207.404 250 704.14
189.167 227.542 750
186.767 180.768 750
233.643 236.386 750
199.716 156.923 750
226.006 185.89 750
196.665 179.998 750
214.573 200.897 750
213.429 250.001 713.2
201.34 185.272 750
153.665 169.27 750
210.01 152.229 750
176.094 186.008 750
209.644 212.778 750
215.165 165.211 750
226.486 169.46 750
182.478 229.181 750
208.679 153.949 750
175.705 171.434 750
250 168.435 703.62
207.004 191.88 750
228.417 229.256 750
173.283 213.655 750
156.274 184.43 750
247.588 238.85 750
223.88 201.449 750
170.86 216.167 750
238.764 235.247 750
188.287 226.491 750
209.556 196.059 750
228.432 181.934 750
191.964 166.182 750
189.516 150.69 750
170.304 235.439 750
204.648 170.477 750
150.163 240.602 750
186.848 172.874 750
249.419 172.176 750
157.42 211.098 750
149.999 167.213 744.86
197.144 205.03 750
195.315 238.219 750
236.687 221.296 750
171.344 196.797 750
217.99 221.13 750
202.433 235.054 750
244.727 191.088 750
166.139 220.575 750
204.716 213.443 750
180.783 183.246 750
169.479 241.24 750
216.258 214.511 750
218.905 222.472 750
222.732 154.014 750
223.559 199.57 750
242.302 215.227 750
218.096 155.167 750
194.155 229.302 750
250 204.143 663.46
194.629 199.264 750
204.367 176.425 750
195.611 246.284 750
247.036 196.416 750
237.479 211.413 750
247.562 219.867 750
227.465 217.036 750
193.353 219.617 750
175.527 250 667.72
189.831 173.441 750
210.146 250 675.2
191.507 162.687 750
182.221 155.022 750
236.782 209.224 750
225.4 207.244 750
201.239 170.764 750
232.24 207.493 750
202.373 218.276 750
226.421 151.528 750
153.541 153.727 750
154.241 181.266 750
194.015 213.387 750
151.753 214.746 750
164.404 194.634 750
201.212 174.483 750
201.973 227.651 750
178.948 240.353 750
243.339 217.642 750
171.802 188.058 750
225.888 170.446 750
211.318 188.924 750
221.295 218.621 750
231.211 214.754 750
210.97 244.362 750
215.587 209.595 750
213.59 213.567 750
242.623 202.216 750
150.249 218.666 750
189.758 223.152 750
153.471 230.457 750
158.118 241.111 750
169.929 188.159 750
193.953 194.102 750
242.007 188.807 750
233.333 240.251 750
188.646 186.778 750
250.001 209.108 694.96
226.177 176.147 750
250.002 245.977 721.22
216.067 247.355 750
231.893 195.82 750
151.362 169.468 750
177.287 214.149 750
162.295 204.959 750
231.747 241.546 750
226.87 186.707 750
170.027 212.862 750
163.617 211.183 750
177.852 227.675 750
175.489 218.683 750
208.177 180.819 750
162.205 173.587 750
250.001 234.584 734.8
202.473 160.789 750
226.495 227.022 750
180.162 184.353 750
171.33 166.222 750
171.434 167.784 750
174.204 181.636 750
161.563 149.997 740.2
216.73 227.88 750
180.938 218.076 750
229.936 155.941 750
153.676 215.67 750
221.795 250.002 672.58
171.072 206.055 750
210.273 241.398 750
198.609 181.124 750
217.353 199.348 750
250 237.893 681.98
180.283 182.193 750
162.092 183.09 750
165.856 247.603 750
242.033 181.158 750
233.164 160.611 750
204.23 223.242 750
249.374 234.17 750
183.373 149.999 680.42
206.466 246.281 750
250.003 223.126 742.3
249.027 211.644 750
183.392 200.323 750
176.222 249.08 750
248.366 224.95 750
224.053 152.765 750
213.54 226.146 750
228.338 226.464 750
160.526 201.865 750
237.114 245.794 750
189.275 226.844 750
181.736 222.993 750
204.839 237.032 750
170.786 226.302 750
214.902 213.381 750
154.741 224.24 750
180.326 149.998 681.44
188.438 199.87 750
180.033 210.227 750
185.328 243.075 750
199.216 187.169 750
160.797 162.896 750
250.001 210.574 714.84
248.165 189.739 750
223.691 192.696 750
216.649 157.12 750
206.956 240.66 750
155.5 227.529 750
211.064 179.706 750
159.048 250 735.94
160.677 227.59 750
176.254 238.251 750
197.817 181.483 750
162.025 205.757 750
165.641 246.632 750
182.746 171.425 750
222.577 204.487 750
228.156 160.313 750
201.803 236.907 750
150 219.483 683.36
211.888 193.841 750
208.801 215.895 750
184.061 183.136 750
194.437 150 731.12
236.069 196.212 750
237.276 188.712 750
220.331 153.351 750
160.83 161.811 750
250.001 237.896 670.08
185.036 222.848 750
250 191.464 731.9
213.311 238.215 750
202.604 189.82 750
186.028 201.813 750
250.001 150.876 697.2
219.868 184.129 750
166.028 206.16 750
225.401 168.621 750
195.327 250.002 684.88
192.579 231.003 750
149.999 176.416 723.86
171.547 191.942 750
180.084 220.83 750
246.8 158.007 750
248.7 218.833 750
182.207 201.389 750
192.716 227.6 750
204.665 186.222 750
199.673 212.532 750
178.172 160.636 750
242.679 197.62 750
212.971 174.755 750
213.043 205.944 750
188.241 205.575 750
250.002 185.732 737.08
211.543 205.089 750
180.656 239.234 750
201.267 175.817 750
180.28 229.735 750
217.786 209.323 750
163.916 154.542 750
170.268 183.072 750
224.715 152.504 750
210.802 245.565 750
188.176 154.39 750
230.191 173.445 750
248.717 168.958 750
196.242 238.565 750
222.734 206.69 750
149.999 189.02 667.5
171.579 194.81 750
200.392 246.212 750
223.088 181.36 750
237.678 218.693 750
191.018 206.465 750
213.894 157.996 750
243.972 199.378 750
227.88 240.046 750
201.752 212.913 750
160.539 183.983 750
232.728 212.025 750
166.746 164.177 750
246.103 177.722 750
205.004 155.479 750
159.423 214.132 750
239.389 226.775 750
223.928 178.412 750
169.5 236.914 750
205.652 165.277 750
213.107 215.733 750
199.787 165.561 750
246.567 210.007 750
245.954 226.6 750
189.279 173.952 750
176.88 156.071 750
247.196 202.425 750
168.414 217.836 750
162.933 197.1 750
234.164 208.547 750
150.024 182.569 750
229.674 154.907 750
250 171.957 696.8
197.734 219.752 750
210.795 181.97 750
247.794 233.927 750
150.298 166.037 750
249.242 176.95 750
164.854 223.622 750
217.785 152.75 750
179.265 205.538 750
163.877 237.322 750
195.772 246.811 750
170.228 206.967 750
185.66 177.372 750
220.229 177.531 750
157.535 166.086 750
213.943 207.674 750
227.768 187.477 750
239.694 175.691 750
170.062 150 748.72
195.234 227.325 750
210.202 151.751 750
180.238 214.121 750
230.526 149.998 656.82
223.862 198.163 750
203.387 173.96 750
188.289 173.663 750
186.497 149.996 709.18
190.247 234.646 750
156.614 193.825 750
200.212 177.354 750
194.42 188.354 750
161.929 187.817 750
246.759 205.118 750
243.669 205.306 750
184.077 217.952 750
183.441 234.329 750
153.683 172.156 750
207.152 218.048 750
176.445 151.305 750
207.962 195.811 750
213.251 165.686 750
173.529 212.58 750
151.254 162.636 750
220.311 201.076 750
201.991 241.282 750
213.76 229.419 750
166.865 173.673 750
195.91 195.153 750
177.986 149.998 657.9
242.903 217.456 750
184.384 151.298 750
149.999 231.947 694.92
170.681 172.922 750
189.241 187.669 750
226.599 244.417 750
226.625 150 737.74
158.411 209.011 750
195.479 149.997 702.02
164.257 211.967 750
187.277 248.389 750
160.429 208.03 750
152.37 231.174 750
248.051 250 676.44
244.873 179.006 750
201.286 197.555 750
165.885 230.146 750
186.914 200.728 750
211.97 250 696.32
182.286 206.978 750
189.615 163.514 750
217.278 245.001 750
209.099 155.655 750
161.471 172.726 750
193.49 195.911 750
212.759 187.397 750
198.041 240.92 750
175.749 235.862 750
179.76 206.151 750
175.199 203.243 750
231.885 235.336 750
219.327 184.943 750
164.018 250 737.44
180.221 174.375 750
249.824 217.796 750
236.821 244.837 750
187.01 205.762 750
246.171 188.956 750
158.632 194.881 750
166.048 180.417 750
170.792 170.96 750
156.742 239.646 750
189.423 228.636 750
189.415 215.036 750
195.128 225.16 750
221.086 219.841 750
229.578 189.485 750
169.916 175.854 750
214.594 242.021 750
233.611 241.545 750
170.779 250.001 684.84
234.557 199.498 750
149.999 198.851 701.44
209.439 155.155 750
217.319 216.456 750
195.251 208.373 750
190.967 195.212 750
219.701 244.303 750
160.621 239.183 750
171.151 188.658 750
186.533 227.096 750
195.993 196.173 750
215.143 193.497 750
195.739 210.579 750
156.006 152.263 750
191.277 201.559 750
178.507 182.507 750
222.97 166.295 750
217.771 241.21 750
211.945 179.089 750
155.416 219.338 750
170.623 218.306 750
197.246 168.543 750
212.464 215.416 750
151.24 188.063 750
182.563 180.303 750
216.763 183.528 750
217.509 150 685.48
225.539 250.001 707.48
205.665 227.471 750
203.236 203.866 750
189.125 149.999 714.08
164.907 187.22 750
181.22 201.27 750
200.166 200.152 750
237.475 163.043 750
211.438 216.171 750
205.004 201.292 750
167.855 187.313 750
176.065 149.999 690.78
209.966 191.203 750
155.372 182.468 750
219.158 153.752 750
161.547 163.837 750
198.955 226.06 750
172.372 199.04 750
199.291 176.808 750
219.664 250 736.42
195.577 206.432 750
154.221 225.944 750
189.85 250 745.72
183.215 237.361 750
169.347 174.514 750
153.277 212.73 750
220.559 219.668 750
236.804 156.352 750
230.964 215.695 750
240.772 149.996 699.12
215.463 229.441 750
166.592 174.349 750
186.544 222.886 750
171.437 239.71 750
250.001 198.346 650.32
228.256 179.768 750
164.823 197.164 750
221.244 214.316 750
153.554 174.683 750
218.863 152.891 750
187.316 163.095 750
236.883 186.764 750
250.002 174.793 672.34
156.846 188.417 750
191.969 187.629 750
177.184 187.889 750
194.908 149.999 712.3
193.774 225.489 750
247.21 150 672.86
233.846 164.764 750
161.722 199.38 750
154.2 199.493 750
250.002 215.871 686.54
242.346 154.667 750
150.79 196.424 750
153.3 249.262 750
155.587 154.563 750
159.772 204.02 750
250.004 182.718 743.42
159.717 166.232 750
245.858 220.754 750
157.453 242.012 750
237.896 243.667 750
208.84 195.64 750
200.654 166.554 750
236.966 250.002 685.52
233.072 150 735.8
199.873 185.387 750
194.952 219.326 750
250 219.126 664.02
250 193.997 666.62
193.401 170.129 750
217.489 226.244 750
230.238 202.096 750
150 232.841 656.38
233.084 212.004 750
153.084 232.962 750
233.3 174.476 750
162.84 167.622 750
160.318 248.116 750
157.885 222.679 750
164.258 242.486 750
243.151 246.187 750
245.673 189.573 750
222.885 163.41 750
250.002 231.829 732.02
234.757 166.174 750
242.474 174.766 750
154.523 175.134 750
170.441 190.092 750
189.999 225.078 750
223.402 233.29 750
218.781 173.448 750
183.738 246.464 750
149.998 150.117 731.18
149.999 227.928 711.12
206.617 235.223 750
226.131 192.673 750
188.09 218.943 750
157.146 241.421 750
219.451 247.462 750
216.237 217.955 750
157.523 156.458 750
249.926 206.188 750
167.706 156.171 750
181.38 192.264 750
200.117 199.838 750
149.999 223.296 743.96
209.777 201.633 750
232.858 212.045 750
178.621 150.058 750
182.451 236.92 750
150 179.442 680.58
228.593 245.481 750
199.926 166.928 750
186.27 249.913 750
244.726 230.475 750
164.684 246.202 750
250.001 154.99 686.44
250.002 231.014 687.86
221.353 170.794 750
232.903 221.159 750
242.99 207.431 750
164.172 186.006 750
200.563 224.282 750
204.412 174.409 750
234.544 216.855 750
195.994 250.002 651.26
185.475 200.26 750
242.792 150.001 750
155.308 178.871 750
197.746 162.671 750
154.837 194.75 750
202.225 173.291 750
230.166 182.06 750
177.654 244.126 750
179.275 179.318 750
215.514 222.655 750
206.711 225.121 750
173.926 173.6 750
161.415 150 684.6
194.373 224.461 750
169.137 240.881 750
213.145 173.216 750
202.772 187.621 750
174.967 169.877 750
226.435 216.4 750
172.709 187.639 750
240.876 244.885 750
208.113 248.566 750
149.999 161.848 719.84
219.999 221.944 750
198.207 250.001 688.14
202.565 149.998 651.9
241.212 205.811 750
162.638 207.362 750
167.134 184.044 750
200.086 170.226 750
208.715 166.73 750
242.132 250 708
156.712 173.24 750
205.492 174.963 750
167.855 250.001 693.32
182.919 186.145 750
188.89 250.001 725.58
250 237.762 721.72
221.339 221.806 750
199.173 159.731 750
196.22 231.577 750
247.202 225.944 750
194.751 242.183 750
157.162 207.773 750
186.41 200.129 750
191.211 245.087 750
222.268 169.84 750
176.359 173 750
230.206 227.9 750
195.375 234.032 750
188.103 205.864 750
241.343 167.827 750
250 194.738 725.2
165.027 240.39 750
248.836 203.857 750
196.302 206.532 750
203.1 188.792 750
159.029 160.265 750
228.164 205.276 750
195.937 151.066 750
216.287 166.007 750
166.98 210.581 750
190.998 195.085 750
164.729 235.827 750
172.542 194.49 750
149.999 232.144 744.72
185.963 187.909 750
215.201 192.13 750
187.987 166.429 750
246.353 150 700.62
229.104 168.837 750
155.894 201.991 750
167.93 245.792 750
209.999 231.157 750
183.016 236.737 750
185.658 187.306 750
149.999 196.571 721.9
202.292 168.459 750
240.818 208.491 750
248.862 224.551 750
247.495 229.829 750
220.853 206.383 750
199.364 243.125 750
153.48 233.039 750
187.224 237.413 750
178.982 178.288 750
249.163 175.843 750
192.759 184.335 750
166.578 188.985 750
245.194 230.825 750
220.402 199.922 750
160.536 221.406 750
207.162 197.828 750
194.291 221.605 750
162.896 250 677.9
154.793 250.002 651.16
245.568 150.484 750
180.201 203.268 750
249.685 153.801 750
233.191 237.499 750
225.907 225.336 750
226.859 232.165 750
190.016 218.955 750
196.24 169.457 750
159.327 250.001 723.84
207.085 165.536 750
220.599 156.835 750
192 176.467 750
154.165 179.859 750
184.308 229.306 750
235.157 209.777 750
157.141 227.377 750
208.228 240.617 750
222.024 241.874 750
221.749 232.149 750
155.665 203.25 750
249.492 220.777 750
173.966 249.439 750
242.116 236.434 750
223.154 150.682 750
208.535 234.757 750
221.369 220.072 750
219.756 149.999 674.26
191.594 237.598 750
231.655 159.515 750
150 186.63 744.44
153.586 173.826 750
244.822 172.777 750
250 239.321 746.66
159.277 152.021 750
174.063 213.569 750
222.672 172.034 750
195.646 240.757 750
189.173 149.999 699.36
250 205.318 748.32
196.967 233.871 750
219.5 149.999 733.36
202.031 242.587 750
149.997 154.54 729.82
178.213 237.992 750
212.603 235.461 750
150.932 243.097 750
237.357 223.193 750
178.508 161.533 750
246.016 154.943 750
243.581 193.881 750
231.589 158.006 750
241.079 167.231 750
156.257 195.267 750
201.614 195.624 750
200.7 226.552 750
178.695 235.426 750
201.784 170.527 750
177.565 152.481 750
210.242 170.585 750
206.413 188.091 750
194.055 171.251 750
227.835 159.747 750
241.518 230.887 750
185.576 165.651 750
227.21 229.755 750
214.943 156.09 750
226.351 200.069 750
226.543 205.481 750
217.433 249.028 750
169.408 176.942 750
157.692 199.411 750
212.762 190.027 750
249.193 209.944 750
223.448 154.839 750
222.026 218.397 750
184.764 160.903 750
185.627 248.971 750
169.357 194.189 750
240.319 227.02 750
151.542 247.56 750
229.055 172.007 750
250.001 227.055 725.5
234.03 250.001 681.82
224.391 150 746.46
195.029 167.688 750
213.626 223.222 750
199.767 197.628 750
221.317 150.684 750
211.243 214.048 750
180.088 248.25 750
162.3 235.891 750
229.773 199.652 750
249.694 243.834 750
194.934 194.739 750
182.752 162.646 750
158.019 248.834 750
191.215 158.369 750
246.619 163.377 750
207.141 222.272 750
185.707 150 716.38
220.548 173.979 750
201.213 164.205 750
209.194 236.183 750
250.001 239.357 671.36
175.553 248.834 750
232.517 178.787 750
222.653 174.521 750
209.15 182.548 750
169.569 149.999 680.48
149.996 197.247 676.84
224.931 193.3 750
160.864 193.74 750
207.507 173.068 750
233.047 156.885 750
182.285 189.81 750
207.161 212.927 750
174.818 245.386 750
201.522 169.697 750
190.1 179.891 750
169.366 189.35 750
210.474 166.937 750
163.36 250.001 656.5
156.967 203.927 750
200.944 207.932 750
205.382 234.526 750
206.809 227.259 750
241.533 243.433 750
247.889 221.977 750
149.999 245.447 715.02
228.323 193.611 750
168.02 218.639 750
242.26 192.74 750
201.848 187.322 750
219.725 169.855 750
189.078 162.923 750
150 168.663 656.78
229.722 154.529 750
213.71 219.836 750
239.584 167.361 750
237.406 170.242 750
161.546 224.425 750
187.065 150 731.28
204.754 228.886 750
243.158 157.817 750
236.012 170.134 750
242.47 218.937 750
203.711 198.909 750
166.402 153.49 750
152.663 155.772 750
213.035 208.712 750
181.162 231.533 750
189.969 197.78 750
214.46 233.578 750
199.485 228.313 750
153.86 196.394 750
162.789 193.165 750
188.827 236.45 750
215.653 216.865 750
180.74 226.481 750
238.047 224.293 750
197.158 180.119 750
223.193 250.002 706.46
165.527 203.75 750
214.993 176.883 750
189.444 178.107 750
248.1 184.091 750
156.013 211.682 750
172.534 241.577 750
195.206 160.633 750
233.218 149.999 742.58
226.258 250 723.74
191.845 177.439 750
176.656 250.001 730.48
223.64 217.053 750
181.723 175.178 750
204.179 182.688 750
162.854 250.002 714.24
246.934 169.759 750
194.84 199.987 750
230.914 168.298 750
166.169 228.555 750
168.849 149.998 694.12
174.345 170.808 750
159.217 158.324 750
174.562 226.198 750
231.601 204.661 750
153.291 196.208 750
250.001 175.552 697.92
174.242 194.186 750
183.138 156.131 750
177.108 155.659 750
250 189.569 674.28
157.155 177.319 750
220.264 163.392 750
158.952 243.139 750
250.001 233.066 680.78
250.003 188.995 726.84
165.543 231.91 750
194.723 192.783 750
175.439 229.232 750
185.285 203.565 750
199.037 250.003 687.52
190.711 243.516 750
207.508 196.21 750
149.998 177.763 728.06
220.563 183.664 750
186.476 193.83 750
154.92 240.62 750
210.406 158.71 750
226.523 250.002 708.8
201.955 171.185 750
157.648 175.512 750
177.037 174.587 750
197.605 195.041 750
245.122 179.678 750
195.477 205.387 750
173.894 215.555 750
186.52 149.998 700.66
245.484 159.774 750
182.005 220.277 750
159.106 194.867 750
204.47 156.409 750
181.277 188.359 750
185.345 240.391 750
149.999 227.148 720.52
161.671 151.307 750
169.911 210.846 750
152.524 176.796 750
175.949 153.434 750
179.441 155.56 750
174.817 234.819 750
172.746 191.631 750
211.465 185.51 750
192.464 249.566 750
243.129 218.799 750
184.237 184.106 750
172.041 228.273 750
193.834 215.399 750
175.219 208.974 750
229.148 180.535 750
209.496 221.568 750
183.897 194.624 750
216.231 241.648 750
244.185 164.185 750
191.04 232.103 750
244.784 161.697 750
218.638 154.196 750
250.002 173.719 666.22
235.262 246.261 750
183.735 150.352 750
208.953 220.71 750
192.764 167.887 750
237.953 201.778 750
187.71 184.299 750
179.98 173.908 750
181.037 247.094 750
227.981 170.398 750
198.596 213.746 750
162.271 174.617 750
235.861 242.598 750
161.801 197.03 750
202.866 164.422 750
225.061 226.932 750
149.999 188.339 670.98
149.999 191.304 706.22
238.867 172.074 750
149.999 225.577 726.04
201.454 177.29 750
230.88 245.138 750
183.028 157.956 750
175.146 178.614 750
166.036 161.987 750
160.22 157.661 750
177.341 195.882 750
219.141 197.277 750
169.563 202.254 750
226.36 175.447 750
154.383 218.008 750
203.09 205.964 750
166.937 161.511 750
209.338 154.833 750
227.979 188.023 750
182.708 213.8 750
216.834 246.997 750
210.504 238.313 750
187.635 207.659 750
241.013 226.031 750
217.113 218.262 750
174.027 242.015 750
232.847 226.795 750
239.696 211.471 750
152.109 170.943 750
206.472 150 722.58
215.22 190.018 750
240.03 202.208 750
185.875 214.928 750
197.251 149.998 726.04
181.547 153.477 750
244.222 171.785 750
153.954 168.695 750
224.142 223.26 750
191.734 175.243 750
204.526 188.991 750
221.839 156.018 750
247.271 179.194 750
224.306 178.304 750
250.001 238.688 679.66
240.305 200.038 750
150 234.223 738.16
197.923 229.318 750
244.341 202.71 750
230.364 237.472 750
214.336 194.11 750
155.897 242.405 750
234.485 219.727 750
224.758 219.536 750
203.672 174.9 750
238.949 171.192 750
155.698 213.495 750
234.026 178.243 750
243.461 231.951 750
169.693 240.711 750
204.558 249.461 750
193.599 188.645 750
185.275 174.231 750
197.046 213.869 750
235.335 249.878 750
220.303 172.739 750
200.594 231.978 750
250.003 168.421 714.14
235.741 175.088 750
215.69 225.963 750
237.681 230.887 750
160.402 216.496 750
206.409 160.054 750
218.781 242.142 750
196.245 225.982 750
153.738 170.802 750
207.266 240.974 750
208.387 235.233 750
212.075 173.712 750
241.246 149.999 707.62
198.515 241.276 750
183.954 202.075 750
181.173 237.452 750
163.95 248.558 750
213.62 184.958 750
165.612 177.836 750
186.117 228.55 750
154.987 172.926 750
195.457 222.381 750
249.727 233.029 750
151.328 158.776 750
163.571 236.832 750
242.303 182.4 750
206.477 221.17 750
187.067 203.325 750
206.508 249.781 750
169.734 232.603 750
196.732 158.479 750
238.47 155.044 750
195.526 242.406 750
204.941 160.352 750
233.441 166.278 750
212.085 241.023 750
187.733 202.813 750
250.002 195.492 715.3
188.949 214.325 750
189.761 226.286 750
207.91 250.001 692.52
170.44 164.123 750
152.491 209.63 750
214.724 167.788 750
188.049 216.818 750
218.056 234.644 750
149.999 176.562 749.32
158.874 170.409 750
158.377 245.987 750
166.186 155.572 750
174.388 222.9 750
224.525 179.81 750
150 188.889 687.04
162.023 214.286 750
230.208 247.108 750
197.874 223.85 750
153.562 149.997 700.06
170.535 161.554 750
167.125 245.054 750
167.005 244.247 750
247.161 196.877 750
160.389 248.191 750
240.491 234.289 750
191.91 150 667.66
214.978 187.838 750
211.909 178.897 750
175.923 168.512 750
212.03 204.901 750
210.537 193.475 750
250 245.084 696.48
176.342 203.233 750
225.385 196.016 750
203.298 155.931 750
208.582 193.929 750
226.708 227.916 750
173.849 211.203 750
200.267 157.374 750
221.968 206.779 750
227.178 221.21 750
232.132 249.643 750
204.684 179.501 750
149.997 230.585 707.8
217.557 250.002 699.66
155.702 197.838 750
165.741 207.125 750
155.068 188.671 750
224.094 149.998 749.08
198.32 175.641 750
200.033 167.551 750
214.714 200.726 750
248.562 189.07 750
167.519 226.432 750
154.709 239.458 750
176.128 215.347 750
235.789 249.155 750
219.371 243.75 750
240.433 163.17 750
150 206.874 698.4
182.243 204.076 750
236.426 231.194 750
164.701 249.895 750
151.551 188.694 750
241.932 249.034 750
152.787 149.998 670.16
172.949 154.843 750
189.962 195.418 750
182.291 216.878 750
201.379 213.473 750
237.554 157.373 750
249.308 202.983 750
210.624 231.897 750
211.652 149.998 714.18
202.033 221.132 750
198.695 175.174 750
158.457 213.196 750
198.421 190.158 750
201.938 187.563 750
177.661 155.952 750
176.861 159.407 750
218.579 224.01 750
177.56 193.765 750
175.924 200.105 750
179.163 197.917 750
185.237 168.196 750
222.38 184.468 750
229.342 181.135 750
201.852 162.467 750
205.535 217.472 750
