0.0919458
0.0550812
0.214668
0.00997118
0.00273249
0.0849947
0.0669699
0.104506
0.0633745
0.00939592
0.0409394
0.12253
0.0372002
0.209491
0.115052
0.161265
0.277707
0.0137583
0.0692709
0.124592
0.0285233
0.0340842
0.122483
0.0230104
0.0107382
0.154697
0.0893571
0.266489
0.0581013
0.0739689
0.0257908
0.0408914
0.044343
0.15254
0.106519
0.193431
0.157286
0.00642374
0.0177372
0.265195
0.010115
0.0870081
0.27972
0.0796736
0.179913
0.00642374
0.00311599
0.0986092
0.272865
0.125599
0.188973
0.06534
0.140651
0.0108341
0.0879669
0.0201821
0.0227228
0.0965958
0.0524925
0.0672575
0.181255
0.134371
0.213901
0.0112176
0.123633
0.123585
0.0821184
0.175023
0.00436239
0.0314476
0.108005
0.162415
0.0355703
0.0733936
0.0730101
0.0420899
0.0331254
0.0457332
0.0347074
0.218024
0.120901
0.109587
0.0511502
0.101869
0.134323
0.159539
0.0919937
0.184802
0.0022531
0.120086
0.106663
0.0249279
0.0490409
0.0164908
0.149232
0.0644771
0.163278
0.0263182
0.125263
0.166969
0.0123202
0.167497
0.119127
0.0936716
0.0476507
0.215723
0.0136145
0.0461167
0.150287
0.00105464
0.0321187
0.128187
0.213374
0.0277084
0.0691751
0.121907
0.064525
0.0668261
0.0375357
0.199567
0.0863849
0.111984
0.0226269
0.176126
0.212271
0.0245924
0.186912
0.1151
0.119942
0.130584
0.0314476
0.119558
0.0597312
0.027996
0.246163
0.125167
0.107286
0.0184563
0.190028
0.0822622
0.213326
0.100095
0.0189836
0.0293862
0.0973628
0.00958767
0.0563276
0.16299
0.0742086
0.0577657
0.0667302
0.0864808
0.0174496
0.195876
0.02488
0.0360496
0.0735854
0.23811
0.0161073
0.204649
0.0443909
0.0592518
0.0313038
0.0648127
0.0455894
0.136481
0.00522528
0.192473
0.00661549
0.0862411
0.175838
0.189213
0.0490889
0.124112
0.0557523
0.129482
0.103451
0.00369125
0.0990886
0.0199424
0.02023
0.0804885
0.154362
0.0623199
0.00378713
0.0943906
0.0943906
0.0854262
0.128235
0.119414
0.0563276
0.0875355
0.109779
0.206806
0.191753
0.0122722
0.00719075
0.101773
0.232933
0.0971711
0.0185042
0.0768452
0.0790504
0.0871519
0.0701338
0.00383507
0.162223
0.199759
0.1337
0.0047459
0.25858
0.211312
0.0109779
0.0813514
0.140603
0.00853303
0.0807761
0.0171619
0.0711405
0.0472193
0.234658
0.0219558
0.00651962
0.255032
0.157621
0.172962
0.105896
0.0767973
0.108341
0.126605
0.103595
0.0059923
0.149232
0.219893
0.0146691
0.155608
0.0950138
0.00139021
0.208244
0.125503
0.00527322
0.0647647
0.145828
0.0359538
0.00249279
0.140028
0.0308723
0.112224
0.016299
0.000671137
0.0104985
0.0175454
0.0880628
0.208676
0.104506
0.0747838
0.11371
0.142904
0.0464523
0.0134707
0.152732
0.0578137
0.136097
0.0760782
0.099568
0.014813
0.0764617
0.166011
0.152827
0.248369
0.208915
0.136816
0.185282
0.0807761
0.0310641
0.246931
0.1151
0.305703
0.0141898
0.195684
0.00752632
0.114045
0.0928566
0.0580054
0.199567
0.026462
0.0153403
0.0729622
0.181543
0.0884463
0.0877751
0.084755
0.0853303
0.0511023
0.218072
0.2023
0.073921
0.0763179
0.0489451
0.0582451
0.0442471
0.0725307
0.0722911
0.117976
0.0520131
0.0399806
0.129482
0.158005
0.0540265
0.115915
0.0349471
0.0296738
0.0518693
0.0470275
0.141898
0.00939592
0.0712364
0.108101
0.133173
0.023298
0.17579
0.133988
0.122578
0.145349
0.0248321
0.0883025
0.0149568
0.059923
0.153307
0.00527322
0.113087
0.088638
0.120373
0.0578137
0.0974587
0.0197027
0.0383507
0.194007
0.128379
0.0150526
0.100766
0.0142856
0.0772287
0.143719
0.0662508
0.0109779
0.116011
0.0105944
0.0521569
0.0462126
0.166586
0.112895
0.022531
0.0712364
0.054458
0.0755988
0.1802
0.0571425
0.0305847
0.0287151
0.0939113
0.0356661
0.0652441
0.00910829
0.0569028
0.101486
0.0492327
0.0491848
0.0887818
0.0468837
0.0279481
0.0978422
0.154697
0.231878
0.101629
0.149855
0.0401244
0.182118
0.182981
0.102876
0.0652441
0.00757426
0.138206
0.0547935
0.00767014
0.154649
0.000623199
0.113854
0.0837963
0.0405079
0.135666
0.208772
0.0109779
0.0371043
0.135666
0.109779
0.134563
0.102396
0.0395012
0.153163
0.0292424
0.199232
0.244438
0.182166
0.0919937
0.102205
0.00493765
0.161888
0.114621
0.115484
0.048993
0.00838921
0.0411311
0.162655
0.120373
0.102348
0.0486574
0.169462
0.151869
0.132454
0.149855
0.130344
0.041994
0.0142377
0.0541703
0.179289
0.15834
0.0217161
0.237247
0.0426651
0.256806
0.199519
0.209826
0.0777081
0.0387821
0.0643333
0.0386383
0.221475
0.202396
0.0787627
0.177851
0.165291
0.164572
0.0656276
0.0884463
0.0297697
0.038878
0.0774205
0.091802
0.161648
0.091035
0.0732498
0.12881
0.0159635
0.0682642
0.0534033
0.266633
0.150958
0.139069
0.0386383
0.201437
0.134707
0.0178331
0.0227707
0.0674493
0.0447744
0.137248
0.232549
0.0492806
0.0852344
0.0494724
0.137391
0.0171619
0.0288589
0.0717637
0.104793
0.163949
0.0748318
0.101869
0.0116011
0.00330775
0.0646209
0.0185042
0.109395
0.0844195
0.126701
0.165052
0.0480342
0.00642374
0.0828375
0.0697503
0.124784
0.0631828
0.0345156
0.307908
0.12627
0.131687
0.0581492
0.151006
0.115627
0.138158
0.068408
0.0696065
0.00239692
0.0907953
0.109635
0.112463
0.108676
0.00661549
0.107094
0.032646
0.0935277
0.0223872
0.028763
0.151773
0.0293383
0.1186
0.0862891
0.0405079
0.0829813
0.0589642
0.117497
0.102444
0.221427
0.2023
0.0304409
0.0274687
0.0733936
0.10743
0.0445347
0.0378713
0.126126
0.195541
0.0890215
0.186816
0.0659632
0.0959247
0.0340842
0.0600188
0.135234
0.196356
0.0753112
0.0862411
0.0570946
0.0476507
0.130776
0.0744483
0.012464
0.0523966
0.0531157
0.0650524
0.133317
0.0439595
0.225694
0.064573
0.073106
0.244294
0.0219558
0.0323584
0.0333172
0.119606
0.0770369
0.053691
0.0883983
0.192281
0.100527
0.00484177
0.156135
0.206854
0.092521
0.139453
0.142473
0.133556
0.00397888
0.0293862
0.0230104
0.239404
0.146164
0.0179769
0.163901
0.0999994
0.0407476
0.157669
0.00872478
0.00479384
0.0351868
0.190795
0.214141
0.0860014
0.108916
0.256758
0.17253
0.0472193
0.151293
0.00273249
0.0349471
0.0255511
0.0339404
0.0660111
0.076989
0.157478
0.0755509
0.100191
0.0596353
0.00834128
0.128427
0.0840839
0.0199903
0.112847
0.0488492
0.0477945
0.155991
0.0555606
0.14765
0.173968
0.215435
0.036529
0.165291
0.0156279
0.101294
0.0578616
0.116442
0.0217161
0.151581
0.0762699
0.128619
0.0119367
0.00915623
0.248704
0.0618884
0.0152923
0.0319749
0.215723
0.124736
0.196308
0.0426172
0.00345156
0.231446
0.0208052
0.188637
0.0757906
0.10417
0.273824
0.0104985
0.0611214
0.0192233
0.055992
0.101342
0.244294
0.00690312
0.0130392
0.170948
0.00421858
0.0955412
0.0410352
0.150431
0.0164908
0.00551291
0.133029
0.0253115
0.164285
0.043576
0.134132
0.240938
0.0107861
0.0467878
0.185809
0.131303
0.011649
0.135282
0.136289
0.172003
0.128139
0.131255
0.189548
0.063806
0.0152444
0.0729622
0.00810158
0.112463
0.138398
0.115723
0.0372481
0.0134227
0.190315
0.0229145
0.162175
0.103211
0.0258388
0.00743045
0.0455414
0.0776601
0.00853303
0.151389
0.0997118
0.0545539
0.132741
0.0950618
0.198657
0.201916
0.0694627
0.214908
0.0845633
0.104362
0.142808
0.0459729
0.0224352
0.0476507
0.0171619
0.20858
0.167832
0.0851385
0.0419461
0.056759
0.0915623
0.0191274
0.0803447
0.10115
0.138398
0.286719
0.205608
0.0625116
0.196739
0.0337007
0.125119
0.0104506
0.00110258
0.0218599
0.049808
0.0891174
0.0817349
0.0255032
0.152348
0.019415
0.112943
0.137919
0.0059923
0.0258867
0.0572863
0.0845153
0.0252635
0.0423775
0.131974
0.144822
0.211408
0.068456
0.156711
0.137248
0.00738251
0.218839
0.209107
0.110881
0.0386863
0.182358
0.0818787
0.120086
0.199088
0.0120325
0.00867684
0.16184
0.113422
0.0967876
0.0399806
0.0103067
0.0639977
0.00570467
0.134755
0.295924
0.0386863
0.0654359
0.0636621
0.182358
0.0246883
0.201773
0.127804
0.0389739
0.180728
0.0587724
0.0465002
0.0592518
0.050575
0.286
0.191274
0.15556
0.112368
0.184754
0.0342759
0.0201821
0.000623199
0.00671137
0.198225
0.130632
0.00383507
0.0406997
0.118504
0.0411791
0.0119846
0.0202779
0.19463
0.0572384
0.105608
0.0146691
0.240842
0.149568
0.0206614
0.0940551
0.174975
0.133892
0.180536
0.00417064
0.0238733
0.0212367
0.0798174
0.0845153
0.0713323
0.0831731
0.00896447
0.132118
0.03581
0.0280439
0.0555606
0.117305
0.0549374
0.135857
0.0127995
0.0348512
0.139261
0.128858
0.122914
0.0142856
0.0127995
0.133173
0.000719075
0.0659632
0.00719075
0.17416
0.0524925
0.151341
0.0706132
0.0957808
0.240267
0.155464
0.0941989
0.0216202
0.0392615
0.111409
0.264188
0.0626554
0.0582451
0.0586766
0.0309202
0.0229625
0.00915623
0.0230104
0.0431925
0.14137
0.228954
0.236624
0.0151485
0.0800091
0.0350429
0.0656276
0.102396
0.0260305
0.0305847
0.0375837
0.0566631
0.0262223
0.226988
0.0896447
0.116251
0.105416
0.0704215
0.0671137
0.00359538
0.0237295
0.123154
0.0337007
0.000383507
0.0453976
0.142904
0.0504791
0.185569
0.0376316
0.21764
0.0745442
0.221475
0.0314955
0.0621281
0.119462
0.0168743
0.0321187
0.226029
0.107334
0.113854
0.180296
0.0426172
0.0130392
0.0780437
0.00244486
0.123345
0.142856
0.16788
0.0577657
0.229337
0.116682
0.233268
0.0681684
0.0424734
0.00805364
0.162463
0.0548415
0.0523008
0.171044
0.00527322
0.000671137
0.0576699
0.0373919
0.0244006
0.0802488
0.0302491
0.0333172
0.0845153
0.0111696
0.0657235
0.134611
0.0328857
0.0871999
0.023346
0.0797215
0.0366728
0.0899324
0.105464
0.00589642
0.0293383
0.184898
0.000335569
0.199424
0.16673
0.16347
0.16975
0.012464
0.200334
0.170804
0.0600668
0.0627034
0.119462
0.111073
0.0449662
0.0970752
0.0352826
0.0409394
0.161792
0.147554
0.0893571
0.143432
0.0279481
0.0637101
0.0109299
0.148609
0.0374399
0.250861
0.200191
0.154218
0.0950138
0.236096
0.0190315
0.0108341
0.215435
0.0689833
0.012464
0.165675
0.00436239
0.0947741
0.0748797
0.0410832
0.0109299
0.185042
0.19415
0.154697
0.117641
0.11788
0.103739
0.0831731
0.159251
0.204265
0.0431445
0.237822
0.00800571
0.0787627
0.0321666
0.200143
0.0558482
0.108964
0.265243
0.0440074
0.00930004
0.0945345
0.0572863
0.211312
0.0616487
0.0339883
0.0420899
0.0967876
0.124927
0.225742
0.111553
0.0526363
0.0469796
0.078571
0.259203
0.0501915
0.101006
0.0778519
0.104937
0.0780916
0.245588
0.0786189
0.00105464
0.00402682
0.0154362
0.143144
0.0682163
0.128475
0.0873916
0.0230584
0.21649
0.181159
0.0316873
0.160641
0.055225
0.0439595
0.0600668
0.0176413
0.0942468
0.0534513
0.190651
0.327803
0.0817828
0.124688
0.0687916
0.146691
0.014813
0.0590601
0.00297218
0.0469317
0.0160114
0.0670658
0.0304888
0.195253
0.0298656
0.0720993
0.0725787
0.0960205
0.102972
0.0151965
0.0213326
0.111505
0.0392136
0.0733457
0.0242089
0.235234
0.0159635
0.00148609
0.116394
0.14928
0.0145733
0.0201821
0.00920417
0.0763658
0.205416
0.0826457
0.160929
0.208196
0.0513899
0.122195
0.0181207
0.104554
0.0531157
0.0722431
0.00469796
0.0742086
0.0360976
0.0663946
0.108197
0.0584848
0.0176893
0.101965
0.0736333
0.13696
0.0783792
0.222146
0.109012
0.0369125
0.0490409
0.0546018
0.113182
0.145781
0.041227
0.0832689
0.0318311
0.08557
0.179577
0.0340842
0.00958767
0.0490889
0.0154362
0.120757
0.0487054
0.0342759
0.0213805
0.066874
0.0306326
0.0383507
0.0388301
0.0560399
0.006999
0.126174
0.11951
0.147986
0.0136145
0.025647
0.00757426
0.162223
0.0757426
0.14928
0.013998
0.159827
0.271475
0.000335569
0.12416
0.00057526
0.0185042
0.026414
0.206518
0.0502873
0.229912
0.0158197
0.0534992
0.00580054
0.0418023
0.039645
0.0142856
0.00733457
0.0687436
0.00896447
0.0901721
0.160929
0.230919
0.234754
0.101198
0.120709
0.0551771
0.110546
0.157478
0.120229
0.154745
0.174927
0.00191753
0.00158197
0.228954
0.123969
0.142089
0.0476987
0.116346
0.128379
0.0133748
0.0277563
0.0190795
0.116586
0.0476987
0.130776
0.041994
0.159059
0.1337
0.0660111
0.132837
0.0928087
0.169558
0.0284274
0.0806803
0.179673
0.110066
0.0161552
0.0221955
0.0932881
0.00623199
0.129673
0.018696
0.0972669
0.0835086
0.161121
0.013183
0.104745
0.0333651
0.104793
0.0512461
0.0837963
0.128235
0.248177
0.0688874
0.0351388
0.0447265
0.0567111
0.181207
0.0957808
0.151102
0.150383
0.0642374
0.00273249
0.0885901
0.122818
0.25393
0.100239
0.155129
0.0165387
0.181111
0.122003
0.0176413
0.151293
0.0382069
0.0151485
0.0521569
0.0152923
0.0355703
0.0674493
0.101246
0.00608817
0.0284754
0.144534
0.148321
0.066107
0.112703
0.0132789
0.24765
0.115196
0.103259
0.0430007
0.229049
0.000719075
0.00728663
0.17603
0.0553209
0.000719075
0.147554
0.0376796
0.0379672
0.0844195
0.150766
0.0115052
0.136528
0.006999
0.215051
0.247458
0.0188877
0.0285233
0.0192233
0.189117
0.00220516
0.0344677
0.0229625
0.177755
0.0589642
0.11347
0.0224831
0.0394533
0.0443909
0.0820705
0.0499038
4.79384e-005
0.0692709
0.0490889
0.207957
0.0430486
0.277132
0.00493765
0.04046
0.160594
0.166921
0.259059
0.0414667
0.0243527
0.143911
0.0979381
0.0207094
0.149759
0.0182166
0.119462
0.0654359
0.0436239
0.00479384
0.0363852
0.202396
0.0429528
0.0105944
0.105608
0.217161
0.048226
0.0823581
0.063806
0.154218
0.0897406
0.10767
0.0278043
0.0360496
0.153978
0.214764
0.167784
0.185665
0.177803
0.0866246
0.0742565
0.110019
0.0771808
0.0696544
0.144151
0.0173057
0.164716
0.142377
0.105656
0.0663467
0.0973628
0.133317
0.00354744
0.0152444
0.0483698
0.0330295
0.201868
0.082406
0.0191274
0.207094
0.0175934
0.156135
0.204649
0.184323
0.0391177
0.0290986
0.0190795
0.0482739
0.0494724
0.0654359
0.043576
0.144247
0.0695106
0.105992
0.0636621
0.0558961
0.191082
0.0180728
0.0311599
0.0287151
0.0125119
0.160929
0.0281398
0.00378713
0.0771328
0.139357
0.0999994
0.00565673
0.0641895
0.0292903
0.0461646
0.0588683
0.131255
0.0969793
0.0301053
0.0988968
0.0974587
0.0586766
0.0725787
0.0781395
0.0748318
0.131303
0.0663467
0.142329
0.0394053
0.162271
0.135809
0.0441992
0.109635
0.0871999
0.144199
0.0914185
0.0867205
0.028763
0.0835566
0.0191274
0.11371
0.180392
0.206135
0.201197
0.0149568
0.136528
0.0547456
0.212703
0.199711
0.0977943
0.00767014
0.0150526
0.140555
0.00100671
0.113949
0.0868164
0.021812
0.0366249
0.113902
0.128235
0.0866726
0.101294
0.0231542
0.0784751
0.0850906
0.091802
0.0545059
0.00997118
0.0742565
0.0444389
0.22416
0.0744962
0.136385
0.168839
0.0620322
0.0482739
0.0364811
0.0551291
0.189692
0.0154841
0.133652
0.00057526
0.0639018
0.0990407
0.146643
0.047411
0.0221955
0.142185
0.0104026
0.0158676
0.0357141
0.165052
0.061409
0.00565673
0.017114
0.0346594
0.0250718
0.0812076
0.187151
0.276173
0.14487
0.0788107
0.037296
0.0687916
0.174783
0.0197027
0.197075
0.0984654
0.129913
0.11021
0.0908911
0.129721
0.0666343
0.0281398
0.174448
0.107286
0.0523008
0.0335569
0.018696
0.0380151
0.0183125
0.0834128
0.143815
0.0999994
0.0232501
0.107622
0.215627
0.0125119
0.13394
0.0437677
0.0814473
0.0834128
0.0767973
0.17301
0.171667
0.0432404
0.0670658
0.0989448
0.0412749
0.237678
0.0892133
0.0420899
0.00139021
0.19904
0.0285713
0.0358579
0.0339883
0.0601147
0.00853303
0.180776
0.208963
0.029578
0.0185521
0.0299135
0.0935757
0.144199
0.0939113
0.127612
0.0376796
0.136001
0.0389739
0.152156
0.00565673
0.0905076
0.186576
0.258004
0.235761
0.0759823
0.0173537
0.00594436
0.154889
0.031879
0.0220037
0.120086
0.0977463
0.0907953
0.0453018
0.119319
0.0395491
0.102828
0.292424
0.0208532
0.146308
0.10278
0.109299
0.0740648
0.0110738
0.183412
0.0904118
0.0290506
0.00695106
0.00757426
0.108772
0.0941989
0.081639
0.16371
0.0622719
0.0835086
0.0372002
0.0343239
0.230967
0.010115
0.206375
0.0556085
0.105416
0.0450141
0.196308
0.240651
0.0367208
0.0974108
0.00877272
0.0721472
0.132741
0.157094
0.115388
0.109443
0.0550812
0.161408
0.00421858
0.0376316
0.0286192
0.131974
0.0330295
0.0102109
0.0768931
0.116874
0.0631828
0.1651
0.178427
0.187343
0.00848509
0.112703
0.0820705
0.00378713
0.0541703
0.109491
0.0992803
0.211073
0.000719075
0.0432883
0.245924
0.0467878
0.00325981
0.00431445
0.0216681
0.0294821
0.0179769
0.0167784
0.0416105
0.117401
0.110738
0.00977943
0.0197985
0.114237
0.0454456
0.0232022
0.121476
0.182933
0.0012464
0.0804406
0.0916102
0.0403162
0.00771808
0.182933
0.123537
0.155896
0.0800091
0.0740168
0.0354744
0.0345156
0.199472
0.0681204
0.011697
0.0146212
0.165867
0.151581
0.125982
0.0523008
0.100047
0.0920896
0.0286192
0.0450141
0.0492327
0.163182
0.100575
0.17718
0.0739689
0.0875834
0.0959726
0.0413708
0.0994242
0.113278
0.0278043
0.106807
0.135809
0.0579575
0.0199424
0.000431445
0.0267496
0.1151
0.150287
0.0309202
0.0380151
0.137631
0.200766
0.0278043
0.166058
0.0759823
0.176605
0.0946783
0.144294
0.0808241
0.164716
0.0252635
0.0549853
0.0602106
0.0679766
0.133412
0.269605
0.0127037
0.0375837
0.0545059
0.0990407
